   0.0000000e+00  -1.0000000e+00   0.0000000e+00  -3.0000000e+00   0.0000000e+00   0.0000000e+00   0.0000000e+00
   2.7420635e-05  -1.0000000e+00   1.6240755e-21  -3.0000000e+00   3.8082105e-22  -2.7549209e-09  -8.6357200e-13
   1.6452381e-04  -1.0000000e+00   3.5041517e-19  -3.0000000e+00   1.0941509e-18  -9.9144756e-08  -3.1067714e-11
   8.5003969e-04  -1.0000000e+00   4.8076934e-17  -3.0000003e+00   8.4374866e-16  -2.6422878e-06  -8.2655140e-10
   4.2776191e-03  -1.0000000e+00   6.0013527e-15  -3.0000086e+00   5.3453414e-13  -6.6363004e-05  -2.0580499e-08
   2.1415516e-02  -1.0000002e+00   7.1389944e-13  -3.0002146e+00   2.9235138e-10  -1.5936758e-03  -4.7307056e-07
   5.0000000e-02  -9.9999093e-01   3.8213239e-12  -3.0011574e+00   6.7957661e-09  -8.0424737e-03  -2.2187465e-06
   1.0000000e-01  -9.9979263e-01  -3.0653794e-10  -3.0045447e+00   6.9874512e-08  -2.7629585e-02  -6.7705630e-06
   1.5000000e-01  -9.9892902e-01  -3.4247938e-09  -3.0100331e+00   2.3153013e-07  -5.2230447e-02  -1.1751413e-05
   2.0000000e-01  -9.9677254e-01  -1.5733113e-08  -3.0174849e+00   5.0459582e-07  -7.6282116e-02  -1.6696050e-05
   2.5000000e-01  -9.9269657e-01  -4.6845830e-08  -3.0267498e+00   9.0277393e-07  -9.5662120e-02  -2.1940488e-05
   3.0000000e-01  -9.8618884e-01  -1.0756827e-07  -3.0376723e+00   1.4294621e-06  -1.0786038e-01  -2.7963732e-05
   3.5000000e-01  -9.7692063e-01  -2.0783035e-07  -3.0501054e+00   2.0453509e-06  -1.1190561e-01  -3.4985322e-05
   4.0000000e-01  -9.6477407e-01  -3.5483378e-07  -3.0639228e+00   2.6646754e-06  -1.0811884e-01  -4.2875141e-05
   4.5000000e-01  -9.4983480e-01  -5.5122327e-07  -3.0790245e+00   3.1875398e-06  -9.7769837e-02  -5.1278960e-05
   5.0000000e-01  -9.3236001e-01  -7.9349846e-07  -3.0953348e+00   3.5388755e-06  -8.2704146e-02  -5.9810791e-05
   5.5000000e-01  -9.1273144e-01  -1.0712821e-06  -3.1127950e+00   3.6869674e-06  -6.4992314e-02  -6.8196567e-05
   6.0000000e-01  -8.9140258e-01  -1.3679413e-06  -3.1313534e+00   3.6380993e-06  -4.6635522e-02  -7.6323743e-05
   6.5000000e-01  -8.6884717e-01  -1.6625625e-06  -3.1509571e+00   3.4204197e-06  -2.9346264e-02  -8.4210740e-05
   7.0000000e-01  -8.4551461e-01  -1.9328082e-06  -3.1715468e+00   3.0702666e-06  -1.4410360e-02  -9.1937776e-05
   7.5000000e-01  -8.2179607e-01  -2.1579846e-06  -3.1930550e+00   2.6256047e-06  -2.6271320e-03  -9.9579939e-05
   8.0000000e-01  -7.9800297e-01  -2.3217178e-06  -3.2154068e+00   2.1241316e-06   5.6825913e-03  -1.0716730e-04
   8.5000000e-01  -7.7435787e-01  -2.4138393e-06  -3.2385221e+00   1.6020536e-06   1.0615974e-02  -1.1467757e-04
   9.0000000e-01  -7.5099633e-01  -2.4312907e-06  -3.2623181e+00   1.0917248e-06   1.2593180e-02  -1.2205245e-04
   9.5000000e-01  -7.2797723e-01  -2.3780305e-06  -3.2867115e+00   6.1878608e-07   1.2246044e-02  -1.2922306e-04
   1.0000000e+00  -7.0529864e-01  -2.2640596e-06  -3.3116198e+00   2.0021468e-07   1.0306532e-02  -1.3613134e-04
   1.0500000e+00  -6.8291642e-01  -2.1037852e-06  -3.3369620e+00  -1.5596429e-07   7.5075623e-03  -1.4274105e-04
   1.1000000e+00  -6.6076285e-01  -1.9140096e-06  -3.3626596e+00  -4.4951559e-07   4.5045308e-03  -1.4903780e-04
   1.1500000e+00  -6.3876339e-01  -1.7118494e-06  -3.3886366e+00  -6.8606067e-07   1.8216306e-03  -1.5502218e-04
   1.2000000e+00  -6.1685008e-01  -1.5128649e-06  -3.4148200e+00  -8.7498091e-07  -1.7653491e-04  -1.6070098e-04
   1.2500000e+00  -5.9497106e-01  -1.3296081e-06  -3.4411403e+00  -1.0274819e-06  -1.2904029e-03  -1.6608022e-04
   1.3000000e+00  -5.7309581e-01  -1.1707141e-06  -3.4675316e+00  -1.1549371e-06  -1.4722067e-03  -1.7116186e-04
   1.3500000e+00  -5.5121665e-01  -1.0405690e-06  -3.4939317e+00  -1.2675634e-06  -7.9930740e-04  -1.7594382e-04
   1.4000000e+00  -5.2934709e-01  -9.3951094e-07  -3.5202821e+00  -1.3734832e-06   5.6035747e-04  -1.8042199e-04
   1.4500000e+00  -5.0751787e-01  -8.6446175e-07  -3.5465277e+00  -1.4782111e-06   2.3855048e-03  -1.8459260e-04
   1.5000000e+00  -4.8577167e-01  -8.0985069e-07  -3.5726164e+00  -1.5845566e-06   4.4369916e-03  -1.8845382e-04
   1.5500000e+00  -4.6415722e-01  -7.6867752e-07  -3.5984990e+00  -1.6928725e-06   6.4881838e-03  -1.9200626e-04
   1.6000000e+00  -4.4272382e-01  -7.3356927e-07  -3.6241289e+00  -1.8015456e-06   8.3480138e-03  -1.9525251e-04
   1.6500000e+00  -4.2151655e-01  -6.9770831e-07  -3.6494618e+00  -1.9076191e-06   9.8757079e-03  -1.9819618e-04
   1.7000000e+00  -4.0057274e-01  -6.5554410e-07  -3.6744559e+00  -2.0074474e-06   1.0987217e-02  -2.0084105e-04
   1.7500000e+00  -3.7991985e-01  -6.0324085e-07  -3.6990714e+00  -2.0973083e-06   1.1654247e-02  -2.0319056e-04
   1.8000000e+00  -3.5957463e-01  -5.3885273e-07  -3.7232710e+00  -2.1739130e-06   1.1897391e-02  -2.0524776e-04
   1.8500000e+00  -3.3954353e-01  -4.6225169e-07  -3.7470195e+00  -2.2347761e-06   1.1775219e-02  -2.0701559e-04
   1.9000000e+00  -3.1982400e-01  -3.7485785e-07  -3.7702842e+00  -2.2784267e-06   1.1371246e-02  -2.0849719e-04
   1.9500000e+00  -3.0040651e-01  -2.7923739e-07  -3.7930349e+00  -2.3044646e-06   1.0780599e-02  -2.0969619e-04
   2.0000000e+00  -2.8127681e-01  -1.7863704e-07  -3.8152434e+00  -2.3134839e-06   1.0097862e-02  -2.1061686e-04
   2.0500000e+00  -2.6241816e-01  -7.6520170e-08  -3.8368843e+00  -2.3068979e-06   9.4072197e-03  -2.1126399e-04
   2.1000000e+00  -2.4381344e-01   2.3842325e-08  -3.8579344e+00  -2.2867052e-06   8.7755250e-03  -2.1164278e-04
   2.1500000e+00  -2.2544680e-01   1.1968854e-07  -3.8783730e+00  -2.2552358e-06   8.2485250e-03  -2.1175863e-04
   2.2000000e+00  -2.0730478e-01   2.0896928e-07  -3.8981815e+00  -2.2149086e-06   7.8500693e-03  -2.1161704e-04
   2.2500000e+00  -1.8937696e-01   2.9043559e-07  -3.9173440e+00  -2.1680247e-06   7.5838456e-03  -2.1122355e-04
   2.3000000e+00  -1.7165611e-01   3.6362093e-07  -3.9358463e+00  -2.1166115e-06   7.4369933e-03  -2.1058375e-04
   2.3500000e+00  -1.5413792e-01   4.2873916e-07  -3.9536768e+00  -2.0623253e-06   7.3848560e-03  -2.0970334e-04
   2.4000000e+00  -1.3682044e-01   4.8652570e-07  -3.9708256e+00  -2.0064099e-06   7.3961421e-03  -2.0858816e-04
   2.4500000e+00  -1.1970337e-01   5.3805086e-07  -3.9872851e+00  -1.9497051e-06   7.4378481e-03  -2.0724426e-04
   2.5000000e+00  -1.0278725e-01   5.8453218e-07  -4.0030492e+00  -1.8926945e-06   7.4794415e-03  -2.0567786e-04
   2.5500000e+00  -8.6072738e-02   6.2716800e-07  -4.0181140e+00  -1.8355778e-06   7.4959697e-03  -2.0389538e-04
   2.6000000e+00  -6.9559997e-02   6.6700737e-07  -4.0324769e+00  -1.7783561e-06   7.4699436e-03  -2.0190339e-04
   2.6500000e+00  -5.3248249e-02   7.0486475e-07  -4.0461372e+00  -1.7209167e-06   7.3920073e-03  -1.9970857e-04
   2.7000000e+00  -3.7135529e-02   7.4128033e-07  -4.0590957e+00  -1.6631086e-06   7.2605416e-03  -1.9731773e-04
   2.7500000e+00  -2.1218618e-02   7.7652178e-07  -4.0713546e+00  -1.6048021e-06   7.0804434e-03  -1.9473776e-04
   2.8000000e+00  -5.4931387e-03   8.1061852e-07  -4.0829174e+00  -1.5459302e-06   6.8613728e-03  -1.9197564e-04
   2.8500000e+00   1.0046232e-02   8.4341787e-07  -4.0937894e+00  -1.4865095e-06   6.6157704e-03  -1.8903841e-04
   2.9000000e+00   2.5405475e-02   8.7465149e-07  -4.1039767e+00  -1.4266445e-06   6.3569172e-03  -1.8593321e-04
   2.9500000e+00   4.0590921e-02   9.0400201e-07  -4.1134869e+00  -1.3665185e-06   6.0972561e-03  -1.8266721e-04
   3.0000000e+00   5.5608949e-02   9.3116139e-07  -4.1223287e+00  -1.3063741e-06   5.8471233e-03  -1.7924763e-04
   3.0500000e+00   7.0465733e-02   9.5587574e-07  -4.1305118e+00  -1.2464899e-06   5.6139640e-03  -1.7568175e-04
   3.1000000e+00   8.5167061e-02   9.7797364e-07  -4.1380471e+00  -1.1871563e-06   5.4020335e-03  -1.7197682e-04
   3.1500000e+00   9.9718218e-02   9.9737816e-07  -4.1449464e+00  -1.1286531e-06   5.2125316e-03  -1.6814016e-04
   3.2000000e+00   1.1412395e-01   1.0141045e-06  -4.1512223e+00  -1.0712320e-06   5.0440702e-03  -1.6417905e-04
   3.2500000e+00   1.2838849e-01   1.0282466e-06  -4.1568883e+00  -1.0151053e-06   4.8933592e-03  -1.6010079e-04
   3.3000000e+00   1.4251564e-01   1.0399568e-06  -4.1619588e+00  -9.6043961e-07   4.7559855e-03  -1.5591268e-04
   3.3500000e+00   1.5650884e-01   1.0494229e-06  -4.1664487e+00  -9.0735525e-07   4.6271749e-03  -1.5162198e-04
   3.4000000e+00   1.7037132e-01   1.0568456e-06  -4.1703735e+00  -8.5592986e-07   4.5024485e-03  -1.4723597e-04
   3.4500000e+00   1.8410620e-01   1.0624199e-06  -4.1737495e+00  -8.0620478e-07   4.3781139e-03  -1.4276186e-04
   3.5000000e+00   1.9771657e-01   1.0663207e-06  -4.1765933e+00  -7.5819304e-07   4.2515631e-03  -1.3820686e-04
   3.5500000e+00   2.1120554e-01   1.0686949e-06  -4.1789221e+00  -7.1188761e-07   4.1213791e-03  -1.3357812e-04
   3.6000000e+00   2.2457632e-01   1.0696584e-06  -4.1807532e+00  -6.6726908e-07   3.9872729e-03  -1.2888273e-04
   3.6500000e+00   2.3783223e-01   1.0692978e-06  -4.1821047e+00  -6.2431197e-07   3.8498944e-03  -1.2412775e-04
   3.7000000e+00   2.5097663e-01   1.0676752e-06  -4.1829944e+00  -5.8298951e-07   3.7105626e-03  -1.1932013e-04
   3.7500000e+00   2.6401295e-01   1.0648347e-06  -4.1834409e+00  -5.4327658e-07   3.5709659e-03  -1.1446678e-04
   3.8000000e+00   2.7694464e-01   1.0608096e-06  -4.1834625e+00  -5.0515125e-07   3.4328752e-03  -1.0957451e-04
   3.8500000e+00   2.8977510e-01   1.0556290e-06  -4.1830780e+00  -4.6859491e-07   3.2979026e-03  -1.0465005e-04
   3.9000000e+00   3.0250768e-01   1.0493227e-06  -4.1823061e+00  -4.3359158e-07   3.1673283e-03  -9.9700043e-05
   3.9500000e+00   3.1514561e-01   1.0419248e-06  -4.1811655e+00  -4.0012664e-07   3.0420025e-03  -9.4731006e-05
   4.0000000e+00   3.2769202e-01   1.0334756e-06  -4.1796750e+00  -3.6818530e-07   2.9223210e-03  -8.9749370e-05
   4.0500000e+00   3.4014987e-01   1.0240214e-06  -4.1778532e+00  -3.3775120e-07   2.8082623e-03  -8.4761445e-05
   4.1000000e+00   3.5252202e-01   1.0136139e-06  -4.1757190e+00  -3.0880517e-07   2.6994698e-03  -7.9773425e-05
   4.1500000e+00   3.6481119e-01   1.0023084e-06  -4.1732906e+00  -2.8132442e-07   2.5953595e-03  -7.4791381e-05
   4.2000000e+00   3.7701997e-01   9.9016198e-07  -4.1705865e+00  -2.5528205e-07   2.4952342e-03  -6.9821254e-05
   4.2500000e+00   3.8915086e-01   9.7723120e-07  -4.1676249e+00  -2.3064695e-07   2.3983895e-03  -6.4868852e-05
   4.3000000e+00   4.0120630e-01   9.6357097e-07  -4.1644236e+00  -2.0738405e-07   2.3041982e-03  -5.9939847e-05
   4.3500000e+00   4.1318863e-01   9.4923324e-07  -4.1610004e+00  -1.8545480e-07   2.2121680e-03  -5.5039769e-05
   4.4000000e+00   4.2510017e-01   9.3426645e-07  -4.1573725e+00  -1.6481776e-07   2.1219699e-03  -5.0174000e-05
   4.4500000e+00   4.3694316e-01   9.1871536e-07  -4.1535572e+00  -1.4542933e-07   2.0334403e-03  -4.5347774e-05
   4.5000000e+00   4.4871982e-01   9.0262135e-07  -4.1495712e+00  -1.2724446e-07   1.9465608e-03  -4.0566171e-05
   4.5500000e+00   4.6043233e-01   8.8602282e-07  -4.1454308e+00  -1.1021730e-07   1.8614241e-03  -3.5834115e-05
   4.6000000e+00   4.7208282e-01   8.6895577e-07  -4.1411520e+00  -9.4301764e-08   1.7781922e-03  -3.1156370e-05
   4.6500000e+00   4.8367339e-01   8.5145436e-07  -4.1367505e+00  -7.9451998e-08   1.6970548e-03  -2.6537537e-05
   4.7000000e+00   4.9520608e-01   8.3355137e-07  -4.1322414e+00  -6.5622729e-08   1.6181925e-03  -2.1982051e-05
   4.7500000e+00   5.0668286e-01   8.1527854e-07  -4.1276395e+00  -5.2769487e-08   1.5417487e-03  -1.7494180e-05
   4.8000000e+00   5.1810567e-01   7.9666682e-07  -4.1229592e+00  -4.0848747e-08   1.4678125e-03  -1.3078026e-05
   4.8500000e+00   5.2947638e-01   7.7774637e-07  -4.1182143e+00  -2.9817979e-08   1.3964120e-03  -8.7375139e-06
   4.9000000e+00   5.4079678e-01   7.5854663e-07  -4.1134181e+00  -1.9635651e-08   1.3275170e-03  -4.4764005e-06
   4.9500000e+00   5.5206862e-01   7.3909624e-07  -4.1085837e+00  -1.0261190e-08   1.2610484e-03  -2.9826667e-07
   5.0000000e+00   5.6329358e-01   7.1942293e-07  -4.1037234e+00  -1.6549327e-09   1.1968928e-03   3.7934812e-06
   5.0500000e+00   5.7447330e-01   6.9955351e-07  -4.0988492e+00   6.2219245e-09   1.1349174e-03   7.7956126e-06
   5.1000000e+00   5.8560933e-01   6.7951374e-07  -4.0939726e+00   1.3407362e-08   1.0749857e-03   1.1705073e-05
   5.1500000e+00   5.9670321e-01   6.5932843e-07  -4.0891044e+00   1.9938553e-08   1.0169690e-03   1.5518985e-05
   5.2000000e+00   6.0775640e-01   6.3902138e-07  -4.0842551e+00   2.5851851e-08   9.6075601e-04   1.9234646e-05
   5.2500000e+00   6.1877034e-01   6.1861547e-07  -4.0794346e+00   3.1182759e-08   9.0625694e-04   2.2849532e-05
   5.3000000e+00   6.2974642e-01   5.9813274e-07  -4.0746524e+00   3.5965878e-08   8.5340502e-04   2.6361295e-05
   5.3500000e+00   6.4068597e-01   5.7759446e-07  -4.0699175e+00   4.0234840e-08   8.0215429e-04   2.9767759e-05
   5.4000000e+00   6.5159030e-01   5.5702119e-07  -4.0652381e+00   4.4022238e-08   7.5247536e-04   3.3066927e-05
   5.4500000e+00   6.6246068e-01   5.3643284e-07  -4.0606224e+00   4.7359557e-08   7.0435007e-04   3.6256972e-05
   5.5000000e+00   6.7329834e-01   5.1584871e-07  -4.0560776e+00   5.0277110e-08   6.5776581e-04   3.9336242e-05
   5.5500000e+00   6.8410446e-01   4.9528754e-07  -4.0516107e+00   5.2803987e-08   6.1271049e-04   4.2303252e-05
   5.6000000e+00   6.9488019e-01   4.7476749e-07  -4.0472283e+00   5.4968026e-08   5.6916858e-04   4.5156690e-05
   5.6500000e+00   7.0562666e-01   4.5430614e-07  -4.0429363e+00   5.6795790e-08   5.2711850e-04   4.7895410e-05
   5.7000000e+00   7.1634492e-01   4.3392053e-07  -4.0387402e+00   5.8312571e-08   4.8653144e-04   5.0518430e-05
   5.7500000e+00   7.2703602e-01   4.1362713e-07  -4.0346451e+00   5.9542399e-08   4.4737148e-04   5.3024932e-05
   5.8000000e+00   7.3770097e-01   3.9344185e-07  -4.0306555e+00   6.0508071e-08   4.0959669e-04   5.5414258e-05
   5.8500000e+00   7.4834072e-01   3.7338004e-07  -4.0267758e+00   6.1231183e-08   3.7316083e-04   5.7685911e-05
   5.9000000e+00   7.5895622e-01   3.5345653e-07  -4.0230095e+00   6.1732168e-08   3.3801539e-04   5.9839546e-05
   5.9500000e+00   7.6954836e-01   3.3368564e-07  -4.0193601e+00   6.2030337e-08   3.0411155e-04   6.1874973e-05
   6.0000000e+00   7.8011801e-01   3.1408120e-07  -4.0158305e+00   6.2143917e-08   2.7140190e-04   6.3792150e-05
   6.0500000e+00   7.9066602e-01   2.9465657e-07  -4.0124231e+00   6.2090094e-08   2.3984162e-04   6.5591183e-05
   6.1000000e+00   8.0119318e-01   2.7542468e-07  -4.0091401e+00   6.1885041e-08   2.0938929e-04   6.7272322e-05
   6.1500000e+00   8.1170028e-01   2.5639804e-07  -4.0059832e+00   6.1543958e-08   1.8000709e-04   6.8835957e-05
   6.2000000e+00   8.2218808e-01   2.3758874e-07  -4.0029539e+00   6.1081096e-08   1.5166063e-04   7.0282613e-05
   6.2500000e+00   8.3265730e-01   2.1900851e-07  -4.0000533e+00   6.0509789e-08   1.2431847e-04   7.1612950e-05
   6.3000000e+00   8.4310864e-01   2.0066866e-07  -3.9972819e+00   5.9842478e-08   9.7951449e-05   7.2827757e-05
   6.3500000e+00   8.5354278e-01   1.8258013e-07  -3.9946403e+00   5.9090747e-08   7.2531967e-05   7.3927950e-05
   6.4000000e+00   8.6396037e-01   1.6475349e-07  -3.9921285e+00   5.8265342e-08   4.8033291e-05   7.4914566e-05
   6.4500000e+00   8.7436205e-01   1.4719889e-07  -3.9897464e+00   5.7376212e-08   2.4429021e-05   7.5788760e-05
   6.5000000e+00   8.8474841e-01   1.2992611e-07  -3.9874934e+00   5.6432534e-08   1.6926965e-06   7.6551803e-05
   6.5500000e+00   8.9512004e-01   1.1294454e-07  -3.9853687e+00   5.5442752e-08  -2.0202405e-05   7.7205075e-05
   6.6000000e+00   9.0547751e-01   9.6263167e-08  -3.9833715e+00   5.4414612e-08  -4.1283303e-05   7.7750062e-05
   6.6500000e+00   9.1582134e-01   7.9890586e-08  -3.9815004e+00   5.3355195e-08  -6.1577213e-05   7.8188354e-05
   6.7000000e+00   9.2615207e-01   6.3834998e-08  -3.9797540e+00   5.2270962e-08  -8.1111353e-05   7.8521637e-05
   6.7500000e+00   9.3647020e-01   4.8104208e-08  -3.9781306e+00   5.1167782e-08  -9.9912705e-05   7.8751692e-05
   6.8000000e+00   9.4677621e-01   3.2705632e-08  -3.9766284e+00   5.0050973e-08  -1.1800776e-04   7.8880391e-05
   6.8500000e+00   9.5707056e-01   1.7646297e-08  -3.9752452e+00   4.8925338e-08  -1.3542232e-04   7.8909688e-05
   6.9000000e+00   9.6735369e-01   2.9328434e-09  -3.9739788e+00   4.7795195e-08  -1.5218129e-04   7.8841622e-05
   6.9500000e+00   9.7762605e-01  -1.1428471e-08  -3.9728269e+00   4.6664409e-08  -1.6830860e-04   7.8678306e-05
   7.0000000e+00   9.8788804e-01  -2.5431770e-08  -3.9717869e+00   4.5536424e-08  -1.8382716e-04   7.8421929e-05
   7.0500000e+00   9.9814006e-01  -3.9071562e-08  -3.9708561e+00   4.4414294e-08  -1.9875889e-04   7.8074746e-05
   7.1000000e+00   1.0083825e+00  -5.2342731e-08  -3.9700316e+00   4.3300703e-08  -2.1312474e-04   7.7639077e-05
   7.1500000e+00   1.0186157e+00  -6.5240547e-08  -3.9693107e+00   4.2197998e-08  -2.2694480e-04   7.7117302e-05
   7.2000000e+00   1.0288401e+00  -7.7760659e-08  -3.9686902e+00   4.1108210e-08  -2.4023841e-04   7.6511858e-05
   7.2500000e+00   1.0390559e+00  -8.9899097e-08  -3.9681671e+00   4.0033080e-08  -2.5302425e-04   7.5825231e-05
   7.3000000e+00   1.0492635e+00  -1.0165227e-07  -3.9677381e+00   3.8974079e-08  -2.6532043e-04   7.5059958e-05
   7.3500000e+00   1.0594633e+00  -1.1301699e-07  -3.9674001e+00   3.7932431e-08  -2.7714454e-04   7.4218617e-05
   7.4000000e+00   1.0696554e+00  -1.2399042e-07  -3.9671497e+00   3.6909137e-08  -2.8851373e-04   7.3303826e-05
   7.4500000e+00   1.0798403e+00  -1.3457012e-07  -3.9669836e+00   3.5904991e-08  -2.9944471e-04   7.2318238e-05
   7.5000000e+00   1.0900182e+00  -1.4475405e-07  -3.9668983e+00   3.4920600e-08  -3.0995377e-04   7.1264538e-05
   7.5500000e+00   1.1001893e+00  -1.5454050e-07  -3.9668905e+00   3.3956405e-08  -3.2005673e-04   7.0145436e-05
   7.6000000e+00   1.1103540e+00  -1.6392820e-07  -3.9669566e+00   3.3012693e-08  -3.2976898e-04   6.8963670e-05
   7.6500000e+00   1.1205124e+00  -1.7291620e-07  -3.9670934e+00   3.2089618e-08  -3.3910545e-04   6.7721992e-05
   7.7000000e+00   1.1306648e+00  -1.8150394e-07  -3.9672972e+00   3.1187215e-08  -3.4808054e-04   6.6423174e-05
   7.7500000e+00   1.1408115e+00  -1.8969125e-07  -3.9675646e+00   3.0305411e-08  -3.5670816e-04   6.5069997e-05
   7.8000000e+00   1.1509526e+00  -1.9747829e-07  -3.9678922e+00   2.9444041e-08  -3.6500171e-04   6.3665253e-05
   7.8500000e+00   1.1610884e+00  -2.0486560e-07  -3.9682767e+00   2.8602859e-08  -3.7297409e-04   6.2211737e-05
   7.9000000e+00   1.1712191e+00  -2.1185408e-07  -3.9687145e+00   2.7781547e-08  -3.8063768e-04   6.0712245e-05
   7.9500000e+00   1.1813448e+00  -2.1844496e-07  -3.9692023e+00   2.6979728e-08  -3.8800439e-04   5.9169572e-05
   8.0000000e+00   1.1914658e+00  -2.2463984e-07  -3.9697369e+00   2.6196975e-08  -3.9508567e-04   5.7586507e-05
   8.0500000e+00   1.2015822e+00  -2.3044065e-07  -3.9703148e+00   2.5432818e-08  -4.0189251e-04   5.5965830e-05
   8.1000000e+00   1.2116943e+00  -2.3584967e-07  -3.9709330e+00   2.4686750e-08  -4.0843552e-04   5.4310308e-05
   8.1500000e+00   1.2218021e+00  -2.4086948e-07  -3.9715882e+00   2.3958240e-08  -4.1472488e-04   5.2622695e-05
   8.2000000e+00   1.2319058e+00  -2.4550303e-07  -3.9722773e+00   2.3246734e-08  -4.2077043e-04   5.0905723e-05
   8.2500000e+00   1.2420057e+00  -2.4975355e-07  -3.9729973e+00   2.2551662e-08  -4.2658164e-04   4.9162108e-05
   8.3000000e+00   1.2521017e+00  -2.5362460e-07  -3.9737451e+00   2.1872448e-08  -4.3216764e-04   4.7394536e-05
   8.3500000e+00   1.2621942e+00  -2.5712005e-07  -3.9745179e+00   2.1208508e-08  -4.3753722e-04   4.5605672e-05
   8.4000000e+00   1.2722832e+00  -2.6024405e-07  -3.9753129e+00   2.0559258e-08  -4.4269888e-04   4.3798146e-05
   8.4500000e+00   1.2823688e+00  -2.6300106e-07  -3.9761272e+00   1.9924120e-08  -4.4766079e-04   4.1974560e-05
   8.5000000e+00   1.2924512e+00  -2.6539581e-07  -3.9769582e+00   1.9302521e-08  -4.5243081e-04   4.0137479e-05
   8.5500000e+00   1.3025305e+00  -2.6743331e-07  -3.9778033e+00   1.8693899e-08  -4.5701650e-04   3.8289432e-05
   8.6000000e+00   1.3126069e+00  -2.6911883e-07  -3.9786600e+00   1.8097706e-08  -4.6142515e-04   3.6432909e-05
   8.6500000e+00   1.3226803e+00  -2.7045791e-07  -3.9795258e+00   1.7513407e-08  -4.6566375e-04   3.4570356e-05
   8.7000000e+00   1.3327510e+00  -2.7145632e-07  -3.9803985e+00   1.6940485e-08  -4.6973900e-04   3.2704179e-05
   8.7500000e+00   1.3428190e+00  -2.7212010e-07  -3.9812757e+00   1.6378444e-08  -4.7365736e-04   3.0836735e-05
   8.8000000e+00   1.3528845e+00  -2.7245549e-07  -3.9821554e+00   1.5826806e-08  -4.7742501e-04   2.8970336e-05
   8.8500000e+00   1.3629475e+00  -2.7246896e-07  -3.9830353e+00   1.5285115e-08  -4.8104790e-04   2.7107242e-05
   8.9000000e+00   1.3730082e+00  -2.7216721e-07  -3.9839137e+00   1.4752937e-08  -4.8453172e-04   2.5249664e-05
   8.9500000e+00   1.3830665e+00  -2.7155712e-07  -3.9847885e+00   1.4229862e-08  -4.8788195e-04   2.3399760e-05
   9.0000000e+00   1.3931227e+00  -2.7064577e-07  -3.9856580e+00   1.3715503e-08  -4.9110384e-04   2.1559632e-05
   9.0500000e+00   1.4031767e+00  -2.6944044e-07  -3.9865205e+00   1.3209496e-08  -4.9420244e-04   1.9731328e-05
   9.1000000e+00   1.4132287e+00  -2.6794856e-07  -3.9873743e+00   1.2711501e-08  -4.9718259e-04   1.7916839e-05
   9.1500000e+00   1.4232787e+00  -2.6617773e-07  -3.9882180e+00   1.2221204e-08  -5.0004896e-04   1.6118095e-05
   9.2000000e+00   1.4333269e+00  -2.6413571e-07  -3.9890502e+00   1.1738313e-08  -5.0280600e-04   1.4336971e-05
   9.2500000e+00   1.4433732e+00  -2.6183040e-07  -3.9898694e+00   1.1262560e-08  -5.0545800e-04   1.2575277e-05
   9.3000000e+00   1.4534178e+00  -2.5926982e-07  -3.9906745e+00   1.0793701e-08  -5.0800910e-04   1.0834765e-05
   9.3500000e+00   1.4634607e+00  -2.5646214e-07  -3.9914642e+00   1.0331513e-08  -5.1046325e-04   9.1171231e-06
   9.4000000e+00   1.4735020e+00  -2.5341562e-07  -3.9922376e+00   9.8757974e-09  -5.1282425e-04   7.4239767e-06
   9.4500000e+00   1.4835418e+00  -2.5013862e-07  -3.9929935e+00   9.4263771e-09  -5.1509574e-04   5.7568875e-06
   9.5000000e+00   1.4935800e+00  -2.4663961e-07  -3.9937312e+00   8.9830955e-09  -5.1728122e-04   4.1173527e-06
   9.5500000e+00   1.5036168e+00  -2.4292713e-07  -3.9944497e+00   8.5458171e-09  -5.1938405e-04   2.5068051e-06
   9.6000000e+00   1.5136521e+00  -2.3900979e-07  -3.9951484e+00   8.1144258e-09  -5.2140745e-04   9.2661216e-07
   9.6500000e+00   1.5236862e+00  -2.3489627e-07  -3.9958265e+00   7.6888244e-09  -5.2335452e-04  -6.2192426e-07
   9.7000000e+00   1.5337190e+00  -2.3059528e-07  -3.9964834e+00   7.2689342e-09  -5.2522821e-04  -2.1375679e-06
   9.7500000e+00   1.5437505e+00  -2.2611560e-07  -3.9971187e+00   6.8546933e-09  -5.2703137e-04  -3.6191482e-06
   9.8000000e+00   1.5537808e+00  -2.2146602e-07  -3.9977319e+00   6.4460566e-09  -5.2876673e-04  -5.0655609e-06
   9.8500000e+00   1.5638099e+00  -2.1665535e-07  -3.9983225e+00   6.0429942e-09  -5.3043692e-04  -6.4757673e-06
   9.9000000e+00   1.5738380e+00  -2.1169243e-07  -3.9988904e+00   5.6454909e-09  -5.3204444e-04  -7.8487945e-06
   9.9500000e+00   1.5838650e+00  -2.0658609e-07  -3.9994352e+00   5.2535454e-09  -5.3359171e-04  -9.1837354e-06
   1.0000000e+01   1.5938909e+00  -2.0134513e-07  -3.9999567e+00   4.8671691e-09  -5.3508105e-04  -1.0479748e-05
