0.000000 0.0000 -1.0000 3.0000 0.0000 0.0000 0.0000 1.0000
0.000027 0.0000 -1.0000 3.0000 -0.0000 -0.0000 -0.0000 1.0000
0.000165 0.0000 -1.0000 3.0000 -0.0000 -0.0000 -0.0000 1.0000
0.000850 0.0000 -1.0000 3.0000 -0.0000 -0.0000 -0.0000 1.0000
0.004278 0.0000 -1.0000 3.0000 -0.0000 -0.0000 -0.0000 1.0000
0.021416 0.0000 -1.0000 3.0002 -0.0000 -0.0008 -0.0000 1.0000
0.050000 0.0000 -1.0000 3.0012 -0.0000 -0.0040 -0.0000 1.0000
0.100000 -0.0000 -0.9998 3.0045 -0.0000 -0.0138 -0.0000 0.9999
0.150000 -0.0000 -0.9989 3.0100 -0.0000 -0.0261 -0.0000 0.9997
0.200000 -0.0000 -0.9968 3.0175 -0.0000 -0.0381 -0.0000 0.9993
0.250000 -0.0000 -0.9927 3.0267 -0.0000 -0.0478 -0.0000 0.9989
0.300000 -0.0000 -0.9862 3.0377 -0.0000 -0.0539 -0.0000 0.9985
0.350000 -0.0000 -0.9769 3.0501 0.0000 -0.0559 -0.0000 0.9984
0.400000 -0.0000 -0.9648 3.0639 0.0000 -0.0540 -0.0000 0.9985
0.450000 -0.0000 -0.9498 3.0790 0.0000 -0.0489 -0.0000 0.9988
0.500000 -0.0000 -0.9324 3.0953 0.0000 -0.0413 -0.0000 0.9991
0.550000 -0.0000 -0.9127 3.1128 0.0000 -0.0325 -0.0000 0.9995
0.600000 -0.0000 -0.8914 3.1314 0.0000 -0.0233 -0.0000 0.9997
0.650000 -0.0000 -0.8688 3.1510 0.0000 -0.0147 -0.0000 0.9999
0.700000 -0.0000 -0.8455 3.1715 0.0000 -0.0072 -0.0000 1.0000
0.750000 -0.0000 -0.8218 3.1931 0.0000 -0.0013 -0.0000 1.0000
0.800000 -0.0000 -0.7980 3.2154 0.0000 0.0028 -0.0001 1.0000
0.850000 -0.0000 -0.7744 3.2385 0.0000 0.0053 -0.0001 1.0000
0.900000 -0.0000 -0.7510 3.2623 0.0000 0.0063 -0.0001 1.0000
0.950000 -0.0000 -0.7280 3.2867 0.0000 0.0061 -0.0001 1.0000
1.000000 -0.0000 -0.7053 3.3116 0.0000 0.0052 -0.0001 1.0000
1.050000 -0.0000 -0.6829 3.3370 0.0000 0.0038 -0.0001 1.0000
1.100000 -0.0000 -0.6608 3.3627 -0.0000 0.0023 -0.0001 1.0000
1.150000 -0.0000 -0.6388 3.3886 -0.0000 0.0009 -0.0001 1.0000
1.200000 -0.0000 -0.6169 3.4148 -0.0000 -0.0001 -0.0001 1.0000
1.250000 -0.0000 -0.5950 3.4411 -0.0000 -0.0006 -0.0001 1.0000
1.300000 -0.0000 -0.5731 3.4675 -0.0000 -0.0007 -0.0001 1.0000
1.350000 -0.0000 -0.5512 3.4939 -0.0000 -0.0004 -0.0001 1.0000
1.400000 -0.0000 -0.5293 3.5203 -0.0000 0.0003 -0.0001 1.0000
1.450000 -0.0000 -0.5075 3.5465 -0.0000 0.0012 -0.0001 1.0000
1.500000 -0.0000 -0.4858 3.5726 -0.0000 0.0022 -0.0001 1.0000
1.550000 -0.0000 -0.4642 3.5985 -0.0000 0.0032 -0.0001 1.0000
1.600000 -0.0000 -0.4427 3.6241 -0.0000 0.0042 -0.0001 1.0000
1.650000 -0.0000 -0.4215 3.6495 -0.0000 0.0049 -0.0001 1.0000
1.700000 -0.0000 -0.4006 3.6745 -0.0000 0.0055 -0.0001 1.0000
1.750000 -0.0000 -0.3799 3.6991 -0.0000 0.0058 -0.0001 1.0000
1.800000 -0.0000 -0.3596 3.7233 -0.0000 0.0059 -0.0001 1.0000
1.850000 -0.0000 -0.3395 3.7470 -0.0000 0.0059 -0.0001 1.0000
1.900000 -0.0000 -0.3198 3.7703 -0.0000 0.0057 -0.0001 1.0000
1.950000 -0.0000 -0.3004 3.7930 -0.0000 0.0054 -0.0001 1.0000
2.000000 -0.0000 -0.2813 3.8152 -0.0000 0.0050 -0.0001 1.0000
2.050000 -0.0000 -0.2624 3.8369 -0.0000 0.0047 -0.0001 1.0000
2.100000 0.0000 -0.2438 3.8579 -0.0000 0.0044 -0.0001 1.0000
2.150000 0.0000 -0.2254 3.8784 -0.0000 0.0041 -0.0001 1.0000
2.200000 0.0000 -0.2073 3.8982 -0.0000 0.0039 -0.0001 1.0000
2.250000 0.0000 -0.1894 3.9173 -0.0000 0.0038 -0.0001 1.0000
2.300000 0.0000 -0.1717 3.9358 -0.0000 0.0037 -0.0001 1.0000
2.350000 0.0000 -0.1541 3.9537 -0.0000 0.0037 -0.0001 1.0000
2.400000 0.0000 -0.1368 3.9708 -0.0000 0.0037 -0.0001 1.0000
2.450000 0.0000 -0.1197 3.9873 -0.0000 0.0037 -0.0001 1.0000
2.500000 0.0000 -0.1028 4.0030 -0.0000 0.0037 -0.0001 1.0000
2.550000 0.0000 -0.0861 4.0181 -0.0000 0.0037 -0.0001 1.0000
2.600000 0.0000 -0.0696 4.0325 -0.0000 0.0037 -0.0001 1.0000
2.650000 0.0000 -0.0532 4.0461 -0.0000 0.0037 -0.0001 1.0000
2.700000 0.0000 -0.0371 4.0591 -0.0000 0.0036 -0.0001 1.0000
2.750000 0.0000 -0.0212 4.0714 -0.0000 0.0035 -0.0001 1.0000
2.800000 0.0000 -0.0055 4.0829 -0.0000 0.0034 -0.0001 1.0000
2.850000 0.0000 0.0100 4.0938 -0.0000 0.0033 -0.0001 1.0000
2.900000 0.0000 0.0254 4.1040 -0.0000 0.0032 -0.0001 1.0000
2.950000 0.0000 0.0406 4.1135 -0.0000 0.0030 -0.0001 1.0000
3.000000 0.0000 0.0556 4.1223 -0.0000 0.0029 -0.0001 1.0000
3.050000 0.0000 0.0705 4.1305 -0.0000 0.0028 -0.0001 1.0000
3.100000 0.0000 0.0852 4.1380 -0.0000 0.0027 -0.0001 1.0000
3.150000 0.0000 0.0997 4.1449 -0.0000 0.0026 -0.0001 1.0000
3.200000 0.0000 0.1141 4.1512 -0.0000 0.0025 -0.0001 1.0000
3.250000 0.0000 0.1284 4.1569 -0.0000 0.0024 -0.0001 1.0000
3.300000 0.0000 0.1425 4.1620 -0.0000 0.0024 -0.0001 1.0000
3.350000 0.0000 0.1565 4.1664 -0.0000 0.0023 -0.0001 1.0000
3.400000 0.0000 0.1704 4.1704 -0.0000 0.0023 -0.0001 1.0000
3.450000 0.0000 0.1841 4.1737 -0.0000 0.0022 -0.0001 1.0000
3.500000 0.0000 0.1977 4.1766 -0.0000 0.0021 -0.0001 1.0000
3.550000 0.0000 0.2112 4.1789 -0.0000 0.0021 -0.0001 1.0000
3.600000 0.0000 0.2246 4.1808 -0.0000 0.0020 -0.0001 1.0000
3.650000 0.0000 0.2378 4.1821 -0.0000 0.0019 -0.0001 1.0000
3.700000 0.0000 0.2510 4.1830 -0.0000 0.0019 -0.0001 1.0000
3.750000 0.0000 0.2640 4.1834 -0.0000 0.0018 -0.0001 1.0000
3.800000 0.0000 0.2769 4.1835 -0.0000 0.0017 -0.0001 1.0000
3.850000 0.0000 0.2898 4.1831 -0.0000 0.0016 -0.0001 1.0000
3.900000 0.0000 0.3025 4.1823 -0.0000 0.0016 -0.0000 1.0000
3.950000 0.0000 0.3151 4.1812 -0.0000 0.0015 -0.0000 1.0000
4.000000 0.0000 0.3277 4.1797 -0.0000 0.0015 -0.0000 1.0000
4.050000 0.0000 0.3401 4.1779 -0.0000 0.0014 -0.0000 1.0000
4.100000 0.0000 0.3525 4.1757 -0.0000 0.0013 -0.0000 1.0000
4.150000 0.0000 0.3648 4.1733 -0.0000 0.0013 -0.0000 1.0000
4.200000 0.0000 0.3770 4.1706 -0.0000 0.0012 -0.0000 1.0000
4.250000 0.0000 0.3892 4.1676 -0.0000 0.0012 -0.0000 1.0000
4.300000 0.0000 0.4012 4.1644 -0.0000 0.0012 -0.0000 1.0000
4.350000 0.0000 0.4132 4.1610 -0.0000 0.0011 -0.0000 1.0000
4.400000 0.0000 0.4251 4.1574 -0.0000 0.0011 -0.0000 1.0000
4.450000 0.0000 0.4369 4.1536 -0.0000 0.0010 -0.0000 1.0000
4.500000 0.0000 0.4487 4.1496 -0.0000 0.0010 -0.0000 1.0000
4.550000 0.0000 0.4604 4.1454 -0.0000 0.0009 -0.0000 1.0000
4.600000 0.0000 0.4721 4.1412 -0.0000 0.0009 -0.0000 1.0000
4.650000 0.0000 0.4837 4.1368 -0.0000 0.0008 -0.0000 1.0000
4.700000 0.0000 0.4952 4.1322 -0.0000 0.0008 -0.0000 1.0000
4.750000 0.0000 0.5067 4.1276 -0.0000 0.0008 -0.0000 1.0000
4.800000 0.0000 0.5181 4.1230 -0.0000 0.0007 -0.0000 1.0000
4.850000 0.0000 0.5295 4.1182 -0.0000 0.0007 -0.0000 1.0000
4.900000 0.0000 0.5408 4.1134 -0.0000 0.0007 -0.0000 1.0000
4.950000 0.0000 0.5521 4.1086 -0.0000 0.0006 -0.0000 1.0000
5.000000 0.0000 0.5633 4.1037 -0.0000 0.0006 0.0000 1.0000
5.050000 0.0000 0.5745 4.0988 0.0000 0.0006 0.0000 1.0000
5.100000 0.0000 0.5856 4.0940 0.0000 0.0005 0.0000 1.0000
5.150000 0.0000 0.5967 4.0891 0.0000 0.0005 0.0000 1.0000
5.200000 0.0000 0.6078 4.0843 0.0000 0.0005 0.0000 1.0000
5.250000 0.0000 0.6188 4.0794 0.0000 0.0005 0.0000 1.0000
5.300000 0.0000 0.6297 4.0747 0.0000 0.0004 0.0000 1.0000
5.350000 0.0000 0.6407 4.0699 0.0000 0.0004 0.0000 1.0000
5.400000 0.0000 0.6516 4.0652 0.0000 0.0004 0.0000 1.0000
5.450000 0.0000 0.6625 4.0606 0.0000 0.0004 0.0000 1.0000
5.500000 0.0000 0.6733 4.0561 0.0000 0.0003 0.0000 1.0000
5.550000 0.0000 0.6841 4.0516 0.0000 0.0003 0.0000 1.0000
5.600000 0.0000 0.6949 4.0472 0.0000 0.0003 0.0000 1.0000
5.650000 0.0000 0.7056 4.0429 0.0000 0.0003 0.0000 1.0000
5.700000 0.0000 0.7163 4.0387 0.0000 0.0002 0.0000 1.0000
5.750000 0.0000 0.7270 4.0346 0.0000 0.0002 0.0000 1.0000
5.800000 0.0000 0.7377 4.0307 0.0000 0.0002 0.0000 1.0000
5.850000 0.0000 0.7483 4.0268 0.0000 0.0002 0.0000 1.0000
5.900000 0.0000 0.7590 4.0230 0.0000 0.0002 0.0000 1.0000
5.950000 0.0000 0.7695 4.0194 0.0000 0.0002 0.0000 1.0000
6.000000 0.0000 0.7801 4.0158 0.0000 0.0001 0.0000 1.0000
6.050000 0.0000 0.7907 4.0124 0.0000 0.0001 0.0000 1.0000
6.100000 0.0000 0.8012 4.0091 0.0000 0.0001 0.0000 1.0000
6.150000 0.0000 0.8117 4.0060 0.0000 0.0001 0.0000 1.0000
6.200000 0.0000 0.8222 4.0030 0.0000 0.0001 0.0000 1.0000
6.250000 0.0000 0.8327 4.0001 0.0000 0.0001 0.0000 1.0000
6.300000 0.0000 0.8431 3.9973 0.0000 0.0000 0.0000 1.0000
6.350000 0.0000 0.8535 3.9946 0.0000 0.0000 0.0000 1.0000
6.400000 0.0000 0.8640 3.9921 0.0000 0.0000 0.0000 1.0000
6.450000 0.0000 0.8744 3.9897 0.0000 0.0000 0.0000 1.0000
6.500000 0.0000 0.8847 3.9875 0.0000 0.0000 0.0000 1.0000
6.550000 0.0000 0.8951 3.9854 0.0000 -0.0000 0.0000 1.0000
6.600000 0.0000 0.9055 3.9834 0.0000 -0.0000 0.0000 1.0000
6.650000 0.0000 0.9158 3.9815 0.0000 -0.0000 0.0000 1.0000
6.700000 0.0000 0.9262 3.9798 0.0000 -0.0000 0.0000 1.0000
6.750000 0.0000 0.9365 3.9781 0.0000 -0.0000 0.0000 1.0000
6.800000 0.0000 0.9468 3.9766 0.0000 -0.0001 0.0000 1.0000
6.850000 0.0000 0.9571 3.9752 0.0000 -0.0001 0.0000 1.0000
6.900000 0.0000 0.9674 3.9740 0.0000 -0.0001 0.0000 1.0000
6.950000 -0.0000 0.9776 3.9728 0.0000 -0.0001 0.0000 1.0000
7.000000 -0.0000 0.9879 3.9718 0.0000 -0.0001 0.0000 1.0000
7.050000 -0.0000 0.9981 3.9709 0.0000 -0.0001 0.0000 1.0000
7.100000 -0.0000 1.0084 3.9700 0.0000 -0.0001 0.0000 1.0000
7.150000 -0.0000 1.0186 3.9693 0.0000 -0.0001 0.0000 1.0000
7.200000 -0.0000 1.0288 3.9687 0.0000 -0.0001 0.0000 1.0000
7.250000 -0.0000 1.0391 3.9682 0.0000 -0.0001 0.0000 1.0000
7.300000 -0.0000 1.0493 3.9677 0.0000 -0.0001 0.0000 1.0000
7.350000 -0.0000 1.0595 3.9674 0.0000 -0.0001 0.0000 1.0000
7.400000 -0.0000 1.0697 3.9671 0.0000 -0.0001 0.0000 1.0000
7.450000 -0.0000 1.0798 3.9670 0.0000 -0.0001 0.0000 1.0000
7.500000 -0.0000 1.0900 3.9669 0.0000 -0.0002 0.0000 1.0000
7.550000 -0.0000 1.1002 3.9669 0.0000 -0.0002 0.0000 1.0000
7.600000 -0.0000 1.1104 3.9670 0.0000 -0.0002 0.0000 1.0000
7.650000 -0.0000 1.1205 3.9671 0.0000 -0.0002 0.0000 1.0000
7.700000 -0.0000 1.1307 3.9673 0.0000 -0.0002 0.0000 1.0000
7.750000 -0.0000 1.1408 3.9676 0.0000 -0.0002 0.0000 1.0000
7.800000 -0.0000 1.1510 3.9679 0.0000 -0.0002 0.0000 1.0000
7.850000 -0.0000 1.1611 3.9683 0.0000 -0.0002 0.0000 1.0000
7.900000 -0.0000 1.1712 3.9687 0.0000 -0.0002 0.0000 1.0000
7.950000 -0.0000 1.1813 3.9692 0.0000 -0.0002 0.0000 1.0000
8.000000 -0.0000 1.1915 3.9697 0.0000 -0.0002 0.0000 1.0000
8.050000 -0.0000 1.2016 3.9703 0.0000 -0.0002 0.0000 1.0000
8.100000 -0.0000 1.2117 3.9709 0.0000 -0.0002 0.0000 1.0000
8.150000 -0.0000 1.2218 3.9716 0.0000 -0.0002 0.0000 1.0000
8.200000 -0.0000 1.2319 3.9723 0.0000 -0.0002 0.0000 1.0000
8.250000 -0.0000 1.2420 3.9730 0.0000 -0.0002 0.0000 1.0000
8.300000 -0.0000 1.2521 3.9737 0.0000 -0.0002 0.0000 1.0000
8.350000 -0.0000 1.2622 3.9745 0.0000 -0.0002 0.0000 1.0000
8.400000 -0.0000 1.2723 3.9753 0.0000 -0.0002 0.0000 1.0000
8.450000 -0.0000 1.2824 3.9761 0.0000 -0.0002 0.0000 1.0000
8.500000 -0.0000 1.2925 3.9770 0.0000 -0.0002 0.0000 1.0000
8.550000 -0.0000 1.3025 3.9778 0.0000 -0.0002 0.0000 1.0000
8.600000 -0.0000 1.3126 3.9787 0.0000 -0.0002 0.0000 1.0000
8.650000 -0.0000 1.3227 3.9795 0.0000 -0.0002 0.0000 1.0000
8.700000 -0.0000 1.3328 3.9804 0.0000 -0.0002 0.0000 1.0000
8.750000 -0.0000 1.3428 3.9813 0.0000 -0.0002 0.0000 1.0000
8.800000 -0.0000 1.3529 3.9822 0.0000 -0.0002 0.0000 1.0000
8.850000 -0.0000 1.3629 3.9830 0.0000 -0.0002 0.0000 1.0000
8.900000 -0.0000 1.3730 3.9839 0.0000 -0.0002 0.0000 1.0000
8.950000 -0.0000 1.3831 3.9848 0.0000 -0.0002 0.0000 1.0000
9.000000 -0.0000 1.3931 3.9857 0.0000 -0.0002 0.0000 1.0000
9.050000 -0.0000 1.4032 3.9865 0.0000 -0.0002 0.0000 1.0000
9.100000 -0.0000 1.4132 3.9874 0.0000 -0.0002 0.0000 1.0000
9.150000 -0.0000 1.4233 3.9882 0.0000 -0.0003 0.0000 1.0000
9.200000 -0.0000 1.4333 3.9891 0.0000 -0.0003 0.0000 1.0000
9.250000 -0.0000 1.4434 3.9899 0.0000 -0.0003 0.0000 1.0000
9.300000 -0.0000 1.4534 3.9907 0.0000 -0.0003 0.0000 1.0000
9.350000 -0.0000 1.4635 3.9915 0.0000 -0.0003 0.0000 1.0000
9.400000 -0.0000 1.4735 3.9922 0.0000 -0.0003 0.0000 1.0000
9.450000 -0.0000 1.4835 3.9930 0.0000 -0.0003 0.0000 1.0000
9.500000 -0.0000 1.4936 3.9937 0.0000 -0.0003 0.0000 1.0000
9.550000 -0.0000 1.5036 3.9944 0.0000 -0.0003 0.0000 1.0000
9.600000 -0.0000 1.5137 3.9951 0.0000 -0.0003 0.0000 1.0000
9.650000 -0.0000 1.5237 3.9958 0.0000 -0.0003 -0.0000 1.0000
9.700000 -0.0000 1.5337 3.9965 0.0000 -0.0003 -0.0000 1.0000
9.750000 -0.0000 1.5438 3.9971 0.0000 -0.0003 -0.0000 1.0000
9.800000 -0.0000 1.5538 3.9977 0.0000 -0.0003 -0.0000 1.0000
9.850000 -0.0000 1.5638 3.9983 0.0000 -0.0003 -0.0000 1.0000
9.900000 -0.0000 1.5738 3.9989 0.0000 -0.0003 -0.0000 1.0000
9.950000 -0.0000 1.5839 3.9994 0.0000 -0.0003 -0.0000 1.0000
10.000000 -0.0000 1.5939 4.0000 0.0000 -0.0003 -0.0000 1.0000
